
    0.3315   -2.3130
   -0.9881   -0.2778
   -1.7263    3.1033
   -0.6837   -0.6747
    1.3990   -1.3076
    1.0468    0.4572
    2.7974    1.4944
    1.0562    2.2579
    1.6122   -0.1749
    2.6940   -0.3972
   -0.8740   -5.0657
    0.0222   -3.7540
   -1.4537    1.7360
   -0.0450    0.2323
    3.5879    0.2757
    2.9752   -0.4410
    0.1680   -1.4541
    0.6537   -0.1153
   -0.4268    0.2618
    0.0950    2.3548
   -1.6153    0.5098
   -0.1471   -2.0891
    1.0010    0.0634
   -0.5318    0.2885
   -2.2596   -0.8907
   -1.9317    1.2213
   -1.9490   -0.6853
   -0.6459    0.2256
   -0.5514    1.5712
    1.0620    2.7997
    2.4912    0.5335
    1.3709   -3.8475
    2.8107    1.1507
    1.3879    4.0553
    0.0923    3.1272
   -0.4084   -3.1996
    1.9053   -0.7612
   -0.8682    1.9216
   -1.0915    1.4887
    0.7439   -1.2379
    2.1067    2.6077
    0.6595    5.3451
   -1.3355   -1.5445
   -0.5799   -0.3061
   -1.6647    2.0340
   -0.5529   -1.6075
   -0.0601   -3.4045
   -0.6821    2.1405
   -1.2390    2.1804
   -1.1380   -4.1252
   -0.1892   -0.9155
    0.4112    0.7521
    1.2325   -4.4714
    2.8702   -1.7076
    3.2217   -0.4747
    2.1308   -3.7166
    0.6364   -1.5922
    2.8596    2.5336
    1.1177   -1.2462
    1.5356    0.5721
   -1.4545    0.3624
   -2.3430   -1.5032
   -0.0939    2.4246
   -1.7798   -0.3111
    0.4781    0.3189
   -1.4584    1.4331
   -2.4436   -2.7031
    1.4589   -0.3018
    0.2020   -0.8660
    1.3094    5.0766
   -2.2716    2.2204
   -0.4157    0.7789
    0.6014    1.5444
    3.0481   -0.6558
    2.1447   -5.4899
    3.2995   -1.3408
    0.8092    4.0683
   -1.5398    3.3120
   -0.2185   -0.0262
    0.5800   -1.4675
    0.3766    0.2039
   -1.4520   -3.7323
   -0.4373   -0.9640
   -1.0062   -0.6376
    2.7254    0.2935
    1.3122   -3.0226
    2.3522   -4.1145
    1.2670    1.4754
    0.3589    2.5242
   -0.4511   -2.3312
   -0.2332   -1.0695
   -2.4095   -1.8877
   -0.8731    0.4087
   -2.1025   -2.9055
    1.4304   -0.8430
   -0.0349    1.7771
    1.2525    1.6187
    1.7617    1.0310
   -1.1640   -1.7999
   -0.7216   -2.1354
    1.1920   -1.5916
    3.0843   -3.9161
    1.8224    0.3464
   -2.0992   -0.0644
    0.3175    0.0629
    2.7065   -0.6780
    3.0884    1.2795
   -1.1921   -2.1760
   -1.5186    0.4863
   -3.0313    0.2757
   -0.7923    0.1596
    0.4775   -0.2970
    1.8899    3.7692
    1.0015    3.0898
   -0.4924   -1.6584
    0.2219    1.1054
   -2.8551   -1.0951
   -0.4331    2.8894
   -0.9674   -3.1404
    0.5705   -4.8507
    1.7247    1.1416
   -0.3355    2.1973
    0.4209   -0.3770
   -0.5966   -0.3827
    0.2005    2.7849
   -1.6722   -4.2139
    1.9607    2.0465
   -1.7978    0.3743
   -2.0887   -5.1141
    1.6579   -1.0649
    2.0429    1.6136
    0.6354   -2.0658
    1.2329    1.6856
   -1.7222   -0.2078
   -0.5254   -0.2227
   -2.1075   -3.4580
    1.1136    1.9015
    0.8793   -1.3216
    0.8699   -3.3735
   -0.5054    2.1303
   -0.4951    1.0884
    3.1295    3.0018
    1.7676    3.5210
   -0.2746   -1.9077
    0.8059    3.7406
   -3.3194    0.7941
   -1.5100   -1.9175
   -1.2087    2.6539
   -3.4996   -2.0700
   -0.8732    2.4326
   -6.0133   -2.6047
   -3.8653   -3.4753
    0.6310    2.2165
    1.1474    1.8955
    0.1898   -1.4302
    1.2452    0.0299
    0.6920    1.6632
    0.2507    0.4577
   -1.1384   -1.3725
   -1.7052   -1.2409
    1.4478    0.8499
    0.4355   -4.6726
    3.8451    2.7669
   -0.4402    1.5705
   -0.1883   -2.1901
    1.2484    0.8299
   -0.4065   -0.8401
   -0.8006   -2.2962
   -1.7104   -3.6566
    0.7140    0.1107
    1.0805    2.2016
   -0.7300   -0.7802
   -1.1171   -0.6047
   -3.4118   -3.4703
   -0.0672    1.4372
   -2.5059    3.6271
    0.6121    0.9337
    0.5030   -2.6906
    0.3383    0.1654
   -0.4661    2.9295
   -2.4730    2.0088
    0.4448    0.9709
   -0.6138   -3.5745
    0.3305    0.4895
   -1.9194    0.1664
   -0.0549    1.8332
   -1.3626   -1.0016
    0.6798    0.2981
   -1.9627   -1.9737
    1.6028    0.1533
   -0.2989   -0.8493
    1.3259    1.6348
   -0.6150   -3.4328
   -0.1195   -3.4172
   -2.1032   -1.1397
   -0.4289    0.3939
    1.2679    3.0775
    0.9049    1.1513
    0.5257   -0.6151
    0.8512    3.6657
   -3.6994   -4.1595
    1.2319   -0.7162
    0.8808    0.5523
    0.4096    1.4493
   -2.3404    2.3378
   -2.1219   -0.4128
    1.0204    2.1255
   -0.3058    3.0541
   -3.3780   -3.5031
    1.5196    1.1091
   -2.6878    3.4787
   -1.7557   -1.2477
    0.9066   -0.5043
    0.2530   -1.3874
    0.7714   -3.9009
    0.7691    0.8583
   -1.2007    3.0785
   -1.4016    0.0418
   -2.6273    0.1332
   -0.0627    2.8934
   -0.4899   -2.2283
    0.4851   -1.9786
    0.1291    1.6984
    1.1863    3.8317
   -1.8458    0.0875
   -2.9946   -2.8124
   -1.7452   -1.6587
   -0.1058    0.0586
   -0.4071   -2.6681
    0.4580   -1.4532
    2.0325    2.4575
    0.1996   -0.4475
   -0.6151   -2.9769
    1.6145    3.4168
   -2.4590   -1.0447
    0.5709   -1.1344
    0.4615    0.5812
    1.3234    1.0878
   -1.1919   -2.6015
    1.5383   -2.9540
    0.5378   -1.5474
    1.1173    0.5545
   -0.4125   -1.1260
    2.3476   -0.8184
   -0.0565   -2.7515
    2.1374   -0.3952
    1.1315   -0.9042
   -0.2477   -2.1156
    2.3688    1.0505
   -2.0228   -2.5767
    1.6453    0.9381
   -2.0789   -0.3694
    0.7565    0.7826
   -2.0680   -0.4747
   -0.9515    0.6517
   -1.4309   -1.6918
    0.0595    0.8105
    0.7341    2.5298
   -0.0380   -0.6379
    1.0920    0.0345
    0.9957    2.1521
    0.0783   -1.4921
   -1.3096   -2.1033
    0.6725    5.3895
   -1.0497    0.9518
    2.0721   -2.1818
    0.7200   -0.7180
    0.5452    0.2278
    1.2102    0.6622
    0.7965    0.2801
    1.0087    0.3213
    0.9413   -0.5236
    3.3227    2.3716
    0.3676    1.4295
   -0.1263    2.2004
   -0.0835    2.5720
   -0.7242    0.5942
   -1.0235   -0.7457
   -0.3029   -2.5258
    1.0115   -1.4448
    1.9074   -0.4417
    0.7975   -0.7844
   -0.6470   -0.4313
   -0.2059    2.7490
   -1.7259    2.7958
   -2.2978   -1.8758
    0.9793   -0.2522
    0.4111    3.3650
   -1.7082   -5.1266
    2.2129   -2.0615
    1.7522    3.0459
   -0.3799    0.3663
    1.4819    1.1255
   -1.1528    0.0137
   -0.8407    0.3012
   -0.6684   -2.1831
    2.5728    0.7038
    1.5882    1.1913
    2.9398    0.9811
   -0.0879   -3.7504
    2.6527    0.0178
   -0.0248   -1.1337
    1.4457   -4.2641
    1.3669    0.8936
   -0.7712    4.6202
   -0.0828    1.7233
   -0.0630   -1.7146
    1.1904    0.2920
    0.9214    0.8974
    0.5108   -0.5684
    2.1872   -1.0777
    0.7353   -0.1272
    0.5988    2.0050
   -2.2133   -2.7038
   -0.9267   -1.6662
    0.6271    1.0782
    1.1650    0.7948
   -0.7020   -1.1392
    0.2310    0.5610
   -1.4856    0.6201
   -0.7800    0.2682
   -0.3568   -2.9153
    0.0458   -0.5280
    0.3831    0.4829
    0.9542   -0.8987
    1.0668    0.9733
   -0.0084   -0.8199
   -0.5172   -0.3307
   -0.4873   -1.5699
   -0.1744   -1.7662
   -2.0051   -2.3489
   -0.8255    0.3717
   -1.3560    2.8288
   -1.2401    1.3398
   -0.8021   -0.5024
   -1.8076   -2.0145
   -1.0164   -1.0245
   -0.4692   -1.0931
    0.9650    0.4823
    0.8505    2.3600
    0.7265    0.9482
   -0.6882   -2.9095
   -0.7822   -3.0960
    2.0132    2.4392
    1.5945   -0.9768
    2.1468   -0.9680
   -0.4996   -1.2609
   -0.7694   -2.7300
   -0.0882    3.9017
   -1.3176    2.1569
   -2.3081   -1.6577
   -1.0450    2.1870
   -1.9615    0.9404
   -1.3116    0.3702
   -2.0465   -2.3318
    1.8711    0.0904
   -0.9494    0.6963
    0.7205    1.2786
    0.9009    3.2319
   -1.8480    0.8397
   -0.0382    1.4778
   -1.0838    1.5676
   -1.0947    0.0653
   -0.4530    0.4596
   -0.5995   -0.2590
   -2.9963   -1.6676
   -1.7647    0.9072
   -2.1951    0.3346
   -0.7729    0.3032
    0.6814   -0.0337
    0.7592   -2.6089
    1.4326    0.7438
    1.0001    0.3998
   -0.9587   -0.1179
   -1.2574   -0.2359
   -0.0265   -0.8024
   -0.1513    0.0536
   -1.2711   -4.5400
    3.3460    4.1561
   -3.1692    1.5102
   -1.1886   -1.2900
   -0.9319    1.0743
   -0.4262    0.7782
    0.0368    0.4997
   -0.0966   -1.3199
    1.6832    0.9558
   -0.0539   -0.8282
    3.5376   -0.5876
    0.2234    0.2032
    0.0927   -1.5110
    0.1301   -1.7037
   -1.0579   -3.5596
    2.4721    2.0761
   -0.3012    1.2068
   -1.6107   -3.0192
    2.5012    3.6116
   -2.7446   -0.8523
    1.8038   -4.3007
    2.1830   -1.3270
    1.2698    0.4524
    1.2404    1.7012
   -3.2012    0.1924
    0.4065    1.1636
   -1.4530   -1.0819
    2.0490   -2.8833
    2.1055    0.4719
   -0.3497    0.3059
   -1.3203   -1.7757
    1.5469    3.8012
   -2.5880   -0.2883
   -0.1379    1.1638
   -1.9819   -1.8786
    1.7125    2.2734
   -0.4537    1.6428
   -1.0253   -1.4053
    0.5729    1.6233
   -0.7940    2.6843
   -0.4387    3.7498
   -3.2135   -1.8182
   -1.5001   -2.1794
    0.8169    0.8402
    0.0056    0.1213
   -1.7711   -2.0589
    1.4006    0.3907
   -2.0113   -0.3851
    1.2625    4.1075
   -1.8309   -0.2482
    1.1520   -4.7464
    1.2098   -1.0249
    1.2151    2.9869
    0.9704    1.5628
    2.0568    2.2454
   -0.1698   -2.8167
    2.6826   -0.8571
    0.5415    1.0814
    0.5400    1.4162
    0.7001    3.5584
   -1.5696   -1.9382
    1.8028    1.6971
   -0.2141    1.7256
    2.2272    1.8900
   -0.7368   -0.3718
   -0.6176   -4.7783
    2.5979    0.8877
   -0.0263    1.0734
   -0.0911   -2.6117
   -0.0597    0.0799
    0.9618   -0.0915
   -1.0493   -2.9271
    0.4279    1.4354
   -0.6545    0.7857
   -0.1282   -0.0096
    2.6660    0.6976
    1.3736    0.0536
    0.2942    0.3143
    0.6507    1.0926
   -2.0701   -3.0622
    1.6499    2.9579
   -2.7576    3.8653
   -1.5699   -1.8031
    0.9059   -0.4625
    3.6301    4.0531
   -3.2137   -4.5358
    3.0631    1.7580
   -1.8479    1.3260
   -1.2003   -1.3673
    1.0379   -0.4110
    0.6402   -0.5001
    1.4434   -0.5688
    1.0159   -0.3358
    0.3314    1.2049
   -3.1456   -2.2807
    0.3785   -0.2887
   -0.9801    2.7157
   -2.4995   -0.8670
    0.5622    0.1081
    0.2461    1.2240
    0.5446    1.2793
   -1.4241   -0.7877
    1.8658   -0.6103
   -0.3023    1.6386
   -2.2742   -2.6846
    0.7932    0.6172
    0.1755    2.5569
   -0.9854    2.3853
    0.0121    1.3755
   -0.6507   -1.9199
    1.1313    0.5780
    1.0795    0.3258
   -1.4093   -2.6507
    0.4710   -1.3572
   -0.1017    2.6185
   -2.6492    3.3346
   -2.7324    0.3748
   -1.4495   -1.1266
   -3.5182   -2.9435
   -0.1149    1.4214
   -1.9955    1.1985
    0.3558   -0.8036
    0.4052    1.8414
    0.4823    2.3414
    0.1857   -1.1334
   -0.4276   -2.8322
    0.5644   -1.8961
    0.8953    0.9653
    0.7257    1.9283
   -0.5244   -1.7450
    2.9839    0.3840
   -0.0506    1.9444
   -1.6833   -2.1991
    0.1773   -1.5175
    0.0707   -0.4679
    0.4295   -1.9132
    0.1729   -0.7087
   -1.4002   -0.9237
    2.4060    0.0828
    0.2920   -0.1080
    0.2389   -0.0979
   -0.1700   -2.5684
    1.4900    2.6428
    1.9959    4.5115
   -1.5196   -2.6889
    0.7639   -0.7200
    0.2998    2.7016
   -0.6009    1.1500
   -1.2647   -2.1358
    0.7841   -1.5692
    0.2254    0.7229
   -0.0110    1.5123
    0.9101    1.9524
   -0.4263    0.9086
   -1.9133   -1.3103
    0.7666   -1.1209
   -1.8110   -2.8749
    0.7131    0.4539
   -1.4731    1.8569
    1.1693    4.4708
   -4.1005   -2.0719
    0.4962   -2.0687
   -1.2385    0.4822
   -0.5440   -0.5605
   -2.4783   -1.6974
   -1.5057   -0.9292
    1.4659   -0.1788
   -1.0361    3.0635
    1.7805    1.2472
    0.2308   -1.4877
   -1.7884   -1.4055
    0.1194   -0.5096
    0.1802    1.4856
   -0.0023    0.5043
    1.3107    0.6513
    0.0673    0.1654
    1.6769    0.0008
    2.9667    2.0546
   -0.6512   -1.9862
    1.6179   -0.8862
   -1.5117    1.6851
    2.3182    2.1905
   -0.3187   -0.0309
    0.2582    0.3885
   -0.5735   -0.7006
    0.4067   -2.2180
    0.6454    0.2579
    0.3822    2.5047
    2.8386    2.7466
   -1.0962   -2.2684
   -0.2316   -1.9968
    1.6583   -0.5616
   -1.4824   -2.0259
    2.6601    2.1736
   -3.1545    0.9726
    1.9218    1.0034
   -1.7827   -1.9027
    1.6877   -1.0052
    0.3700   -1.7308
    2.7459    3.4485
   -0.2451    2.1941
   -0.6278   -2.5713
   -0.0270   -1.9425
    1.0102    2.0189
   -3.0008   -2.3986
    3.0306    0.2397
   -3.0689   -1.7247
    0.6401   -1.3399
    0.5407    0.9776
    0.8665    0.6532
    1.9905    1.9213
   -0.0614   -0.5310
    2.0280    0.2685
   -0.0464    2.0808
    0.2608    3.2547
   -1.2532    0.9527
    0.7344   -2.0710
   -1.5854   -3.2131
   -1.3587   -0.5826
   -0.2079    1.3975
   -0.3918   -0.7319
    1.4471   -0.0571
   -0.6472    1.5024
    1.0465   -1.2308
    2.2701    0.0325
   -0.9374   -0.6610
    0.6853    1.5377
   -2.1890    0.5744
   -0.9562   -1.6871
    2.4222    1.4623
   -1.7864   -1.8113
    1.9351    1.5393
   -1.1943   -0.5139
    0.1589   -1.3474
    0.4827   -0.7832
    1.0532    1.1685
    0.6427   -3.1502
   -0.2687   -2.1140
   -0.3887    1.7304
   -0.1972   -1.3967
   -2.2415   -3.0032
    1.7567    1.7770
   -2.1111    0.6120
   -1.2584   -1.3729
    0.3513   -0.2484
    0.9612   -0.0599
   -2.4232   -2.0085
    2.8757    3.2202
   -3.3101    0.3439
   -1.0417   -3.4409
   -1.1411   -3.2817
    1.0844    1.0306
    0.6039    1.0929
   -0.3492   -0.1995
    0.0295   -0.8765
    0.2835   -2.2585
    2.0728    0.6513
    0.3719    1.8410
   -0.3822   -0.2433
   -0.5610   -4.0503
    0.6248   -0.5316
   -0.6960    2.2184
   -0.0193    1.8598
   -2.1616    2.2706
   -0.0425    2.1723
   -1.6805    0.6013
   -1.6115   -0.9922
   -1.6007   -2.1350
    1.9253   -2.0532
   -0.7437   -2.5513
   -0.4235   -0.3692
    1.5855    3.7013
   -0.3757    4.2144
   -3.5516   -0.6121
   -1.6309   -3.2808
    2.3435    0.9618
   -0.8241   -0.0208
   -0.2747   -3.5267
    0.7195   -2.6177
    0.7048    0.8904
    1.2625    2.9742
   -2.5092   -2.5396
    3.7361    0.6979
   -2.7276    1.1291
    0.3871   -0.7856
   -2.4728   -3.2907
    1.1750    1.6547
    0.4429    3.6085
   -0.0848    0.4562
   -0.8128   -1.4643
   -0.3531   -1.0285
   -0.7862    0.9082
   -0.0082    1.2214
   -0.0019    0.4005
    1.4305    3.5618
   -5.0780   -1.7049
    3.1219    0.7359
   -2.8630   -0.3351
    1.3836   -1.0792
   -1.3934    0.5222
    0.9681    1.5518
    0.3893    0.0711
    1.8239    2.7019
    0.0938    2.1900
   -0.2764   -0.8671
   -0.5780   -1.1930
    2.1905   -1.3465
   -0.4784    0.9924
   -0.1004    1.1655
    1.2248   -1.3403
   -1.6376   -2.8669
    2.0344    2.2696
   -0.1081   -0.1822
    1.1764    0.0384
   -0.5085    0.1277
    0.7767   -1.6984
   -0.5942   -4.1278
    2.0649   -0.8413
    1.7945    1.3845
   -0.9105   -2.1454
    3.2022   -1.4505
   -1.3909   -3.3689
    0.3653    1.0707
    0.4605    0.8761
    0.5056   -1.0858
   -1.3047   -1.9975
    1.7599   -0.8984
    0.1266    2.0778
    2.6919    2.5133
   -2.6761   -4.1746
    3.8958   -0.6876
   -1.1603    2.2957
    0.2154   -0.7627
    1.6527    0.1769
   -0.2764    1.4842
    0.3123   -0.2185
    1.3421   -0.5885
    1.8050    0.3347
   -0.0491    3.9283
   -2.3738    1.9247
   -0.9262   -1.1089
   -0.4258   -1.0137
    0.5471    0.0132
   -2.3489   -0.8256
    4.1906    0.0681
   -1.3183    3.2041
    0.1560    1.6060
   -1.1342   -2.9681
    2.6371    0.9493
   -2.0074    0.8607
    1.3476   -1.8148
   -0.6556    0.5144
    0.3124    0.5373
    1.6592    1.2259
   -0.5098    1.2188
    1.5740   -0.7531
   -3.4393   -1.6345
    0.9080   -0.9460
    0.5697    0.6769
   -0.0655    0.7129
   -1.5232   -2.3665
    0.8945    0.5341
    0.8887    3.3255
   -2.2527   -2.6299
    2.2944    1.1973
    0.0315   -1.1684
    0.9280   -2.2264
    0.9689    1.7384
   -0.7846   -0.0910
    1.8341    1.2374
   -1.2396   -2.3792
    2.6222   -2.7359
    2.2149    0.1165
   -1.3728   -2.5751
    1.8940    2.6022
   -3.0831   -0.7165
    2.1213   -2.1014
   -0.9575    3.5154
    0.3436    1.7100
    0.1435   -2.6456
   -0.6032   -0.1090
    2.2410    0.6496
    0.5027    2.8315
   -2.4772    1.1405
    0.2256    0.6067
   -3.8327   -3.1746
    1.9055   -1.3600
   -2.8896   -1.4973
   -0.4489   -0.1426
    0.7107    1.9077
   -2.3754   -0.2998
    0.2103    0.1857
    0.9831    2.7717
   -0.8471   -1.0992
    0.4589   -1.3099
   -0.9268    2.3999
    0.5887    0.2581
   -1.0555   -2.9765
    0.2679    0.6655
   -1.1071   -2.2152
    0.3026    2.2633
    0.2068    1.0637
   -2.3451   -3.1761
    1.7406   -0.1923
   -0.8444    0.6676
    0.3245    0.9274
   -1.8142   -0.3127
    0.1748   -0.1352
    0.1844    0.2128
    0.1396   -0.4681
   -1.4982   -1.8812
   -0.7963    0.6001
    0.6199    3.6657
   -1.4028    1.8021
   -1.4762   -1.9320
    1.9678    2.7464
   -0.9062    4.2290
   -2.0158   -3.9193
    2.4599   -0.4540
    0.0258    2.0041
   -1.3965   -1.5289
   -0.5768    1.4117
    1.2364   -0.5548
   -0.7851   -2.5661
   -2.0796    0.0538
    0.3759    0.2295
    1.0509   -0.5943
    0.8198    2.0927
   -2.3651   -0.0973
    0.7125    0.1737
   -2.5726    1.9450
    0.9509    2.0363
   -1.4282   -4.2758
   -0.9435   -4.8889
    4.3739    2.6344
   -1.2145    1.8680
   -0.3872   -0.6347
    1.9575   -0.2993
   -1.6789   -0.1774
    0.6690    1.4735
   -2.1869   -1.1809
   -0.5877   -3.0374
    0.9886    2.0930
   -2.9804   -0.6636
    2.5467   -0.1528
   -2.7937   -0.1171
    1.8466    1.3851
    1.0206    2.9605
   -3.6191   -1.2650
    2.9785   -3.5408
    0.6373    0.4432
   -0.4809    3.1489
   -0.6584   -0.3597
    2.2907   -3.4583
    0.5996   -2.8514
    2.7290    2.0585
    0.8497    1.2497
    1.5328    0.0123
    0.7577    0.5910
   -1.3960   -1.8456
    2.4183    0.3333
   -1.1967    2.4569
   -0.1524   -0.6029
   -1.5451   -1.3872
    5.3659    3.8412
   -4.2869    1.7597
    1.1065    0.5168
   -2.9410   -0.0721
   -0.0401   -3.1531
    1.6725   -0.4932
   -1.1053    1.0275
    1.2236    0.7197
   -0.4206    0.7685
    0.4215    1.4558
   -2.3513   -2.3762
    0.0937    1.0576
    0.7719    0.2409
    0.8595    0.9225
   -2.9703   -0.9545
    2.8816   -0.4016
   -1.4889   -2.3708
   -0.7616   -2.6668
    3.8883    5.6188
   -2.0669    2.1136
   -0.4749   -1.8277
    0.1876    1.0560
    0.0760   -0.6757
    0.2057   -0.6382
    0.3773   -1.8794
   -0.7313   -5.0647
    4.5431    0.8449
   -1.6756    3.6577
    0.2234   -0.4236
   -0.8207    1.3711
   -0.3860    0.2979
   -1.8794   -2.6457
    1.1228   -0.9676
   -1.1872   -1.9445
    5.1272    2.1818
   -0.3043    3.2108
   -2.1574   -3.9496
    1.6935   -3.2064
    0.7788   -0.1326
    2.0781    2.4586
    1.2112   -0.3319
    0.6045   -2.5438
    0.4733   -1.3419
    0.3066    2.0071
    1.2853    1.3081
   -1.1896   -0.3180
    0.0139   -4.4363
    2.0656   -1.1195
    0.7031    0.6795
    2.1547    1.5113
   -0.8287    3.7313
   -1.7463    1.7161
    0.2001    0.1662
   -0.9592   -0.5912
    0.1508   -0.7475
    0.8093    2.6065
   -0.3498    0.9665
    0.2821   -1.5570
   -0.6762    0.1864
   -1.3795    0.3067
   -0.7052    1.5602
    0.5605    1.1324
   -1.4495   -0.7391
    1.9280   -2.7124
   -1.1126   -1.5038
   -0.7710    0.1649
    2.7106    1.3195
   -0.1833    0.2294
    0.9931   -1.7917
    0.4628   -2.4665
    2.3696    3.0959
   -0.1721    2.9288
   -0.2019   -0.0593
    0.0121   -3.4525
   -0.3205   -3.4081
    4.2489    0.5014
   -2.7733   -0.8967
   -0.9366   -2.2805
    4.1223   -0.3307
   -2.9026   -0.9714
    0.4895   -0.6418
    0.4079   -2.4045
    2.5787   -3.0550
    2.3993    6.2163
   -1.3107    0.9362
    2.7634   -2.6898
    0.2541    0.9944
   -2.3718   -1.2319
    3.8370    0.0377
   -0.8751    0.0046
   -2.9496    0.0645
    1.8044    0.1379
    0.8733   -0.5021
   -0.9370    0.7511
    0.1196    0.9331
    2.6872   -0.4724
   -1.8587   -2.6643
    3.4072    1.7366
   -0.7858    1.3122
   -0.7618    0.5172
   -1.5664   -1.3381
    2.0619   -0.5990
   -3.9819    1.2693
    1.4532   -0.4217
   -0.1948    0.6431
   -0.4143   -0.1507
    0.3699   -0.5066
    1.1699    2.7541
   -1.5565   -0.6215
   -0.6589   -1.6055
    0.1433   -0.3202
   -1.0318    0.5798
   -0.0147   -0.3913
   -0.6052    3.3989
   -0.1480    0.1344
   -2.1204   -1.1680
    0.5289   -2.5382
   -1.4328    1.3272
    1.5517    2.0806
   -1.0879   -2.0542
    1.2234   -0.2938
   -1.8445    2.7511
    1.7552   -0.4713
   -0.7266   -1.3979
    0.9019    1.7997
   -0.1817   -1.3079
   -1.4767   -3.0179
    0.2601   -1.4283
    1.4021    2.3115
   -0.9563   -2.4012
    3.1924    0.4561
    0.2986    0.8072
   -0.5497   -0.5699
   -1.9410    0.4896
   -0.4062    3.5150
   -1.1854   -0.2273
   -1.0346   -3.4801
    0.2308    0.6774
   -1.2602   -2.0290
    2.0698   -2.1347
    0.6818    0.0189
    3.7873   -1.4790
   -0.9100   -0.2912
    1.6311    0.2871
   -1.0873   -0.1164
    0.0086    2.1200
   -0.9065    0.0843
    0.3124    0.0514
   -0.0128    1.1668
    0.1911    1.2448
   -1.2426    0.2597
    0.1846   -3.3900
    3.9980    0.4038
   -1.8652    1.6356
    0.7400   -0.5733
    1.5022    1.3845
   -1.9265   -0.3410
    3.4823   -1.5971
   -1.1591   -2.5263
    2.1842   -1.0436
   -0.1353   -0.2976
   -0.0505    0.3795
   -0.0651    0.8810
   -0.8174   -1.2233
    3.5232    0.2957
   -3.0687   -0.6450
    0.7789   -1.7387
    2.5149    0.4975
    0.0780   -2.0295
   -0.2706    1.5224
    0.1073    1.0142
    0.0582   -0.2248
   -1.6499    2.8172
    1.9323    0.9259
   -1.6658   -3.6315
    2.8378   -0.3524
   -1.2684    4.7669
   -0.9622    0.5144
   -0.6468   -2.6297
    0.8162   -0.3770
   -0.5418    2.8288
   -2.2850   -2.3905
    2.0669   -0.3507